-0.2561344
-0.4938418
0.3680839
-1.154234
0.6914902
-0.8127314
-0.3664943
0.963391
0.8707036
-1.536862
0.6753899
-0.7481156
-1.111583
-1.063044
-0.766723
0.9750522
1.522505
-0.4268123
1.077936
0.2509408
-2.214134
0.0348209
1.247986
0.422396
0.5096615
-0.1540668
-0.438489
0.4714382
2.081625
0.7593136
1.087921
-0.210124
0.3533889
0.03069788
0.6905371
0.301086
0.6217015
1.688472
0.8687587
1.339321
0.7639597
1.794431
0.04473643
1.45936
1.072257
-0.9703196
0.2370833
-1.360831
2.303595
0.7934256
1.430628
1.724718
-0.6656493
0.466082
0.07434796
1.570709
0.2837479
-1.23304
-1.79496
-0.01889642
0.7519139
1.683473
-0.9788981
2.049817
1.044057
-1.440053
-0.4415764
-0.6176604
1.635439
0.7777917
-0.5843986
0.1224883
-1.216077
-0.584629
-1.417692
-0.1348204
0.740471
-0.9587134
1.180711
0.8074492
0.2298152
-2.254317
-0.3669382
0.1878473
0.0656088
-0.883929
-1.348321
1.379799
-0.7327659
-0.4393106
1.944964
-0.9685224
-0.9843403
1.184399
0.03867365
1.805656
-0.8560084
-0.9375642
0.1794005
1.233017
0.4488211
0.2337828
-0.6248487
-1.294059
-1.099399
1.981846
-1.357037
-0.6651176
-0.9453321
0.7845426
1.201588
-0.5283414
0.449931
0.04977766
0.3706177
0.09589685
-0.5153815
0.1897447
1.448897
1.73996
0.3691159
-0.01817398
0.7730566
-0.3830332
0.4988774
0.6470304
-0.6712749
0.1266706
1.301957
-0.2145098
1.939187
-1.133898
-0.6550343
-0.1949207
-0.09169079
0.5506615
-1.781862
0.1081765
0.6427244
-0.5414481
-1.25368
-0.1919175
2.09548
0.334859
-0.02410462
-0.859798
-1.3415
-0.2141861
0.04675622
-0.8372624
1.398868
1.837701
-1.285759
0.05151434
-1.720555
-1.45012
-0.07816155
-0.4562376
1.709773
0.6957926
0.7412155
0.785094
-2.038756
-0.2948932
0.6792287
-0.04005541
-0.6893642
0.873717
0.2445987
-0.04891241
-0.4266932
1.462377
-0.7242231
-0.3183321
-0.7694346
0.3855372
-0.9956539
0.6238265
-0.7281464
0.6334597
-0.07117909
-1.943335
-0.8456816
0.1286225
-0.5438262
0.6881724
3.115135
-0.820151
1.23274
0.6371764
-1.003269
-2.146073
-0.9237366
-0.1937741
0.7155327
2.061579
-1.61744
-0.4648893
0.25579
0.1622078
-1.996691
-0.6993641
-2.861986
1.018463
-0.5922111
0.5476109
0.9823512
1.250478
-1.560317
0.9824299
-1.367138
-0.6917885
-0.9048248
-0.4779937
-0.08684155
-0.7769116
1.225006
2.30118
-0.9372973
1.656484
0.0170346
-0.6091885
-1.554168
-0.2291844
0.03590638
1.27607
-0.9692206
1.111201
0.4586316
1.187929
-0.2941469
1.728562
-0.07960142
0.8746434
0.5559697
0.7057482
-0.5668415
-1.308007
-0.193674
1.353151
2.917619
1.773232
0.3145305
-0.6015192
-0.1421784
0.8085346
0.263807
-1.550726
-1.561218
-0.85725
0.308006
-0.01564509
-0.8208712
0.3190795
1.618558
0.1736963
-0.7525602
-0.5659162
0.01916606
1.409595
-0.3472721
0.9283911
-0.2226462
-0.8921733
0.03770434
0.3825511
0.221245
-0.2007033
0.4103971
-0.5242365
-0.5385553
-0.7950227
0.2486538
0.02384562
-1.504999
-0.5910019
-0.06741118
-0.3094644
-0.5773876
0.2519558
-1.243485
-0.5124625
1.839491
1.447023
0.00573713
-1.272149
-0.3443907
-0.5787369
1.415533
-0.04769883
-0.4145081
-0.4525413
2.778374
-3.432299
1.041729
-0.3880764
-1.232618
-0.9375105
0.03783269
-0.3286004
-0.02839624
1.62299
-0.3883039
-0.6493335
0.8818563
1.406098
-0.3774282
0.1245294
1.356848
-1.071579
-1.297591
0.8501686
-0.8898333
-0.801528
0.5950275
0.9070147
0.5398111
1.426843
1.472944
0.375023
1.043779
-0.5980409
-0.1905359
-0.2457818
1.095494
0.390307
1.107366
-0.4104351
-0.152672
-0.05377924
-0.1528202
-0.02691199
-2.666251
-1.149645
0.521194
2.395901
-0.08287453
0.3019951
0.6808547
0.5198415
-1.880026
0.7140909
1.907945
-0.1233615
1.311001
0.5596947
-0.1363062
-0.8216032
0.5941768
-0.1894802
-1.668245
0.002974507
-0.03935849
0.2891093
1.0299
-1.860171
0.2908708
-0.6670571
-1.050012
0.1669713
1.315186
-2.313754
-0.6414456
-2.078199
1.921218
1.220112
-1.835351
0.5618438
0.8335336
0.1190394
1.880486
-1.600809
2.393257
1.224644
0.6105908
0.8805193
1.336182
-1.531771
-0.3441153
-1.713199
-0.6162306
1.956905
-1.857227
-0.2411822
-0.00510566
-0.2037255
-0.9469265
-1.502818
-0.2135357
1.37685
0.8358854
0.3312217
-0.46455
0.5802028
-0.190557
0.7848824
0.452976
-0.8272695
0.05302815
1.476563
-0.07516697
-1.797482
0.8893303
-1.961238
-1.905759
0.4350879
-0.8019836
-0.04384818
0.3755201
0.6652393
0.7579961
-0.5817462
-1.051414
-0.3234782
1.208413
1.416891
0.4543378
0.6648138
1.577607
2.101872
-2.450975
-0.2555859
1.633476
-0.2570124
0.6291578
2.932339
2.417233
-1.065646
0.4837851
-1.432262
-1.387024
0.2403606
0.4177673
-0.5255992
-0.9487373
-1.082155
-1.901642
0.3039082
-1.790766
-0.07045977
-2.140028
-1.40189
-1.430183
0.799745
0.2393491
-1.835859
0.3365054
-1.065949
0.8982027
1.405886
-0.3135271
-0.6497157
0.2815869
1.264902
1.419346
-0.3524091
-0.9540587
1.664469
-0.285514
-0.3307245
0.2667186
0.6954464
-0.7226965
1.44343
-0.183478
-0.4739729
-2.714927
1.681181
-0.4344712
0.5510866
-0.7840624
1.175273
-0.7563203
0.3259764
-1.066515
-0.4177315
-0.3434148
-0.1399925
-0.8651769
0.3507615
-0.6332276
-0.5901636
-0.02710803
-0.001475963
0.3206345
-1.105667
-0.295503
0.1748873
1.362035
-0.1605799
-0.5192053
0.5846017
0.1679732
0.6106626
0.6386807
2.774386
-2.657399
0.164544
-1.610236
-1.499372
-1.567991
1.119253
1.044633
-0.1741945
1.393563
0.7679591
0.1576308
0.8131166
0.9112516
0.3884617
-1.436936
0.3828193
1.092463
0.7760351
0.4327166
0.2806217
-2.137608
-2.124897
1.347046
1.270092
-0.1597381
0.6365862
0.1602948
3.099934
0.07870573
0.1003221
0.3643407
0.5596724
-0.09865724
-0.1258084
-1.592982
0.1006725
0.6871776
0.2927367
-0.05293374
0.5237676
-0.8286734
-0.4571296
0.6095694
-1.36543
0.4478432
1.367384
-0.2351449
-0.2532408
0.4066079
1.712803
0.5007915
-0.7741228
0.28644
1.504455
-0.2792752
0.5590237
0.7173135
0.8544281
-0.9809648
0.4417382
0.5938198
-1.009062
-0.9939599
0.1579093
0.6095234
0.4233739
1.722402
0.6689454
-0.7754736
1.573527
-0.07374636
0.7160956
-0.6440399
-1.885946
-1.566899
-0.1818482
-1.03139
0.4267879
0.1994646
-0.9638485
-0.08091234
0.3980063
0.4462762
-0.155523
1.291155
-1.583756
1.066587
0.2431772
2.346782
-1.274815
0.1247195
0.5444749
0.2843217
-1.597976
0.1671316
0.4281695
-1.323116
-0.2676327
-1.409933
1.216172
0.9029234
0.08399015
-1.077502
0.7662011
-0.006550845
-1.015005
1.555796
1.381705
1.407554
0.293996
-0.1061902
-1.75121
-0.2759052
1.217897
0.3370843
1.041501
-1.824337
0.2645519
0.4457887
0.2911436
-0.1581306
-0.06908329
-0.387575
-1.362346
0.02710616
-0.8158453
0.6097937
-0.3122657
-0.1021666
-0.4876871
-1.769795
1.068719
0.4371341
0.8284702
1.719527
0.4526701
-0.01869873
-1.618518
1.454512
-0.1786222
-0.7289262
1.601742
-1.281502
1.428916
-1.176541
0.6440966
0.4356308
-0.2151529
-1.222462
0.3459243
0.7799508
-0.08657721
-1.256298
0.3251733
-1.411378
-0.6947238
0.2361684
1.576622
0.211919
0.5680596
-0.5686848
0.2113782
-0.1588472
-1.053791
-1.163714
0.07726663
-0.6256217
1.086456
-0.4955361
2.108771
-0.2444626
-0.4474306
-0.001226651
-0.519856
0.8779361
-0.0266863
0.07904604
-0.3829075
-0.7627985
0.6009673
0.4678663
0.3075342
0.5105038
0.4237402
0.3410074
-0.7414717
-0.06584345
0.5502242
0.613568
-0.6529875
1.395863
2.046276
-0.5080932
0.1487097
-0.5494844
-0.5673348
-2.304298
-1.049704
-1.483587
0.971162
0.4270938
-0.2976968
1.333075
1.939942
2.002085
-0.5037789
-0.001551757
-1.436933
0.8430081
1.571664
1.442195
1.658486
0.03774881
-1.568573
0.3375419
2.0595
0.007522237
0.1117139
0.5812534
-1.716469
-0.3463153
0.5330926
-0.2279437
0.1964509
0.4969104
0.6202057
-1.079049
0.6130954
0.271949
0.4246867
-0.01075815
-0.485074
-1.42273
-0.1028247
0.9249868
1.323899
-1.80348
0.6163637
-0.5973589
-0.8553204
-1.586559
0.7450002
0.5439335
-0.8350844
1.297644
1.193169
-1.281191
-0.9344778
-0.5561045
0.3214
-0.03846655
-0.4771954
1.560232
1.806072
-1.067044
1.194487
0.6975769
0.6471474
0.2355536
-2.636796
0.3597073
0.2104375
0.3932666
0.07732299
0.8304081
-0.5431483
-0.9867656
1.994035
0.969283
-1.091731
-1.815085
2.366098
1.497686
-0.7377634
-0.808484
2.056652
-0.3115208
0.748768
0.1602768
-0.4449214
0.1944839
-2.21289
-1.39724
0.4427425
-0.6361429
-0.8297941
1.58909
-0.05381112
-2.40591
-0.5889086
-1.466482
0.01731227
0.9990124
-0.5180558
-1.556574
0.8741568
1.074325
0.9148545
-1.320406
0.4412572
1.227875
-0.5865766
-0.4377372
0.1422245
-1.416143
-0.07943721
1.37116
-1.417462
1.612135
0.667103
-0.7215425
-0.939036
-0.1884756
1.317309
-0.7615763
-0.5923294
-0.2404808
-0.140033
-0.8447368
0.9149517
0.2241664
-1.421425
0.7505325
-0.45404
0.2930279
-0.3380369
-1.398094
-2.532045
-0.6070993
-0.25586
0.5957688
2.688357
0.3027104
-0.6901074
0.3699875
-0.1066284
1.708887
0.6823365
-0.2424146
0.4147712
1.091938
-1.685769
0.2200117
-1.755296
0.4050698
-0.0572592
-0.620794
1.007237
0.2471113
-0.1476073
-0.09990378
-1.307102
0.361931
0.1958458
1.145901
1.240679
0.4917914
-0.09130168
0.5732812
-1.254456
2.640165
0.04039147
0.005165121
0.8815464
-0.3161302
-0.7814986
0.4050831
0.7878139
-0.2041939
0.5195252
0.7746547
0.511546
2.360535
0.02007848
1.06664
1.381542
-0.8520235
0.602788
-0.1011288
0.2936347
-0.6000353
1.092928
0.3052884
0.4877472
0.6463449
0.3364668
-0.8537796
-1.531945
-0.9148755
-0.7642052
0.7734956
0.5440583
-0.06090828
-0.9039836
-0.01497851
-0.0713273
-0.4294375
1.407339
-0.9384222
-1.04846
-0.0453704
-0.6344758
-0.8550291
0.7885246
-0.239859
-0.8783338
-0.5682523
0.5168122
-0.4317903
-0.9430392
-1.678329
0.2011364
0.7731122
-1.002948
1.211342
-1.297498
0.4469855
-1.234543
-0.7191747
1.444689
0.02281879
0.3564666
-0.6642198
-0.2487575
0.1027379
-0.38516
-0.737018
0.4864371
2.047545
1.389538
0.3457058
0.8383493
0.8594957
-1.217476
-1.0047
0.7811808
0.0008977343
0.005780705
-0.1876252
-1.195301
-0.6830486
1.843499
-0.9006323
0.2730171
-0.9683742
-0.4450794
-1.254271
-2.852806
1.181566
1.934084
-0.7727412
-1.690022
1.344294
0.1346471
0.5970594
0.8672681
1.007105
0.994684
-0.8284356
-0.6221158
-0.5743921
-1.089769
-1.027625
0.714137
-0.9692024
-0.5266532
1.172722
-2.661759
2.08727
1.302736
0.8728924
2.201666
0.2338586
1.753895
-0.7893161
-0.8528062
-1.299451
-0.02978074
0.3802815
-0.7533613
0.09890771
-0.2816537
2.430744
-0.564077
-0.0680124
-0.8178476
0.09984122
-0.9663815
-0.1134246
-0.08932469
0.8229271
-0.3074241
-0.5750062
0.223944
0.7337916
-1.056213
-0.3547213
-0.3745511
1.245802
-0.4797866
-0.2526521
0.01889951
-2.075339
0.3591344
